P: (2.1,5.1,45)
U: (2.1,5.1,135)
P: (2.1,5.1,45)
U: (2.1,5.1,45)
P: (2.1,5.1,45)
U: (2.1,5.1,45)
P: (2.1,5.1,45)
U: (2.1,5.1,45)
P: (2.1,5.1,45)
U: (2.1,5.1,45)
P: (2.1,5.1,45)
U: (2.1,5.1,45)
P: (2.1,5.1,45)
U: (2.1,5.1,45)
P: (2.1,5.1,45)
U: (2.1,5.1,45)
P: (2.1,5.1,45)
U: (2.1,5.1,45)
P: (2.1,5.1,45)
U: (2.1,5.1,45)
P: (2.1,5.1,45)
U: (2.1,5.1,45)
P: (2.1,5.1,45)
U: (2.1,5.1,45)
P: (2.1,5.1,45)
U: (2.1,5.1,45)
P: (2.1,5.1,45)
U: (2.1,5.1,45)
P: (2.1,5.1,45)
U: (2.1,5.1,45)
P: (2.1,5.1,45)
U: (2.1,5.1,45)
P: (2.1,5.1,45)
U: (2.1,5.1,45)
P: (2.1,5.1,45)
U: (2.1,5.1,45)
P: (2.1,5.1,45)
U: (2.1,5.1,45)
P: (2.1,5.1,45)
U: (2.1,5.1,45)
P: (2.1,5.1,45)
U: (2.1,5.1,45)
P: (2.1,5.1,45)
U: (2.1,5.1,45)
P: (2.1,5.1,45)
U: (2.1,5.1,45)
P: (2.1,5.1,45)
U: (2.1,5.1,45)
P: (2.1,5.1,45)
U: (2.1,5.1,45)
P: (2.1,5.1,45)
U: (2.1,5.1,45)
P: (2.1,5.1,45)
U: (2.1,5.1,45)
P: (2.1,5.1,45)
U: (2.1,5.1,45)
P: (2.1,5.1,45)
U: (2.1,5.1,45)
P: (2.1,5.1,45)
U: (2.1,5.1,45)
P: (2.1,5.1,45)
U: (2.1,5.1,45)
P: (2.1,5.1,45)
U: (2.1,5.1,45)
P: (2.1,5.1,45)
U: (2.1,5.1,45)
P: (2.1,5.1,45)
U: (2.1,5.1,45)
P: (2.1,5.1,45)
U: (2.1,5.1,45)
P: (2.1,5.1,45)
U: (2.1,5.1,45)
P: (2.1,5.1,45)
U: (2.1,5.1,45)
P: (2.1,5.1,45)
U: (2.1,5.1,45)
P: (2.1,5.1,45)
U: (2.1,5.1,45)
P: (2.1,5.1,45)
U: (2.1,5.1,45)
P: (2.1,5.1,45)
U: (2.1,5.1,45)
P: (2.1,5.1,45)
U: (2.1,5.1,45)
P: (2.1,5.1,45)
U: (2.1,5.1,45)
P: (2.1,5.1,45)
U: (2.1,5.1,45)
P: (2.1,5.1,45)
U: (2.1,5.1,45)
P: (2.1,5.1,45)
U: (2.1,5.1,45)
P: (2.1,5.1,45)
U: (2.1,5.1,45)
P: (2.1,5.1,45)
U: (2.1,5.1,45)
P: (2.1,5.1,45)
U: (2.1,5.1,45)
P: (2.1,5.1,45)
U: (2.1,5.1,45)
P: (2.1,5.1,45)
U: (2.1,5.1,45)
P: (2.1,5.1,45)
U: (2.1,5.1,45)
P: (2.1,5.1,45)
U: (2.1,5.1,45)
P: (2.1,5.1,45)
U: (2.1,5.1,45)
P: (2.1,5.1,45)
U: (2.1,5.1,45)
P: (2.1,5.1,45)
U: (2.1,5.1,45)
P: (2.1,5.1,45)
U: (2.1,5.1,45)
P: (2.1,5.1,45)
U: (2.1,5.1,45)
P: (2.1,5.1,45)
U: (2.1,5.1,45)
P: (2.1,5.1,45)
U: (2.1,5.1,45)
P: (2.1,5.1,45)
U: (2.1,5.1,45)
P: (2.1,5.1,45)
U: (2.1,5.1,45)
P: (2.1,5.1,45)
U: (2.1,5.1,45)
P: (2.1,5.1,45)
U: (2.1,5.1,45)
P: (2.1,5.1,45)
U: (2.1,5.1,45)
P: (2.1,5.1,45)
U: (2.1,5.1,45)
P: (2.1,5.1,45)
U: (2.1,5.1,45)
P: (2.1,5.1,45)
U: (2.1,5.1,45)
P: (2.1,5.1,45)
U: (2.1,5.1,45)
P: (2.1,5.1,45)
U: (2.1,5.1,45)
P: (2.1,5.1,45)
U: (2.1,5.1,45)
P: (2.1,5.1,45)
U: (2.1,5.1,45)
P: (2.1,5.1,45)
U: (2.1,5.1,45)
P: (2.1,5.1,45)
U: (2.1,5.1,45)
P: (2.1,5.1,45)
U: (2.1,5.1,45)
P: (2.1,5.1,45)
U: (2.1,5.1,45)
P: (2.1,5.1,45)
U: (2.1,5.1,45)
P: (2.1,5.1,45)
U: (2.1,5.1,45)
P: (2.1,5.1,45)
U: (2.1,5.1,45)
P: (2.1,5.1,45)
U: (2.1,5.1,45)
P: (2.1,5.1,45)
U: (2.1,5.1,45)
P: (2.1,5.1,45)
U: (2.1,5.1,45)
P: (2.1,5.1,45)
U: (2.1,5.1,45)
P: (2.1,5.1,45)
U: (2.1,5.1,45)
P: (2.1,5.1,45)
U: (2.1,5.1,45)
P: (2.1,5.1,45)
U: (2.1,5.1,45)
P: (2.1,5.1,45)
U: (2.1,5.1,45)
P: (2.1,5.1,45)
U: (2.1,5.1,45)
P: (2.1,5.1,45)
U: (2.1,5.1,45)
